0,0,0,1
0,0,0,2
0,0,0,3
0,0,0,4
0,0,0,5
0,0,0,6
0,0,0,7
0,0,0,8
0,0,0,9
0,0,0,10
0,0,0,11
0,0,0,12
0,0,0,13
0,0,0,14
0,0,0,15
0,0,0,16
0,0,0,17
0,0,0,18
0,0,0,19
0,0,0,20
0,0,0,21
0,0,0,22
0,0,0,23
0,1,0,24
0,2,0,25
0,3,0,26
0,4,0,27
0,5,0,28
0,6,0,29
0,7,0,30
0,8,0,31
0,9,0,32
0,10,0,33
0,11,0,34
0,12,0,35
0,13,0,36
0,14,0,37
0,15,0,38
0,16,0,39
0,17,0,40
0,18,0,41
0,19,0,42
0,20,0,43
0,21,0,44
0,22,0,45
0,23,0,46
0,24,0,47
0,25,0,48
0,26,0,49
0,27,0,50
0,28,0,51
0,29,0,52
0,30,0,53
0,31,0,54
0,32,0,55
0,32,0,56
0,32,0,57
0,32,0,58
0,32,0,59
0,32,0,60
0,32,0,61
0,32,0,62
0,32,0,63
0,32,0,64
0,32,0,65
0,32,0,66
0,32,0,67
0,32,0,68
0,32,0,69
0,32,0,70
0,32,0,71
0,32,0,72
0,32,0,73
0,32,0,74
0,32,0,75
0,32,0,76
0,32,0,77
0,32,0,78
0,32,0,79
0,32,0,80
0,32,0,81
0,32,0,82
0,32,0,83
0,32,0,84
0,32,0,85
0,32,0,86
0,32,0,87
0,32,0,88
0,32,0,89
0,32,0,90
0,32,0,91
0,32,0,92
0,32,0,93
0,32,0,94
0,32,0,95
0,32,0,96
0,32,0,97
0,32,0,98
0,32,0,99
0,32,0,100
0,32,0,101
0,32,0,102
0,32,0,103
0,32,0,104
0,32,0,105
0,32,0,106
0,32,0,107
0,32,0,108
0,32,0,109
0,32,0,110
0,32,0,111
0,32,0,112
0,32,0,113
0,32,0,114
0,32,0,115
0,32,0,116
0,32,0,117
0,32,0,118
0,32,0,119
0,32,0,120
0,32,0,121
0,32,0,122
0,32,0,123
0,32,0,124
0,32,0,125
0,32,0,126
0,32,0,127
0,32,0,128
0,32,0,129
0,32,0,130
0,32,0,131
0,32,0,132
0,32,0,133
0,32,0,134
0,32,0,135
0,32,0,136
0,32,0,137
0,32,0,138
0,32,0,139
0,32,0,140
0,32,0,141
0,32,0,142
0,32,0,143
0,32,0,144
0,32,0,145
0,32,0,146
0,32,0,147
0,32,0,148
0,32,0,149
0,32,0,150
0,32,0,151
0,32,0,152
0,32,0,153
0,32,0,154
0,32,0,155
0,32,0,156
0,32,0,157
0,32,0,158
0,32,0,159
0,32,0,160
0,32,0,161
0,32,0,162
0,32,0,163
0,32,0,164
0,32,0,165
0,32,0,166
0,32,0,167
0,32,0,168
0,32,0,169
0,32,0,170
0,32,0,171
0,32,0,172
0,32,0,173
0,32,0,174
0,32,0,175
0,32,0,176
0,32,0,177
0,32,0,178
0,32,0,179
0,32,0,180
0,32,0,181
0,32,0,182
0,32,0,183
0,32,0,184
0,32,0,185
0,32,0,186
0,32,0,187
0,32,0,188
0,32,0,189
0,32,0,190
0,32,1,190
0,32,2,190
0,32,3,190
0,32,4,190
0,32,5,190
0,32,6,190
0,32,7,190
0,32,8,190
1,32,9,190
2,32,10,190
3,32,11,190
4,32,12,190
5,32,13,190
6,32,14,190
7,32,15,190
8,32,16,190
9,32,17,190
10,32,18,190
11,32,19,190
12,32,20,190
13,32,21,190
14,32,22,190
15,32,23,190
16,32,24,190
17,32,25,190
18,32,26,190
19,32,27,190
20,32,28,190
21,32,29,190
22,32,30,190
23,32,31,190
24,32,32,190
25,32,33,190
26,32,34,190
27,32,35,190
28,32,36,190
29,32,37,190
30,32,38,190
31,32,39,190
32,32,40,190
33,32,41,190
34,32,42,190
35,32,43,190
36,32,44,190
37,32,45,190
38,32,46,190
39,32,47,190
40,32,48,190
41,32,49,190
42,32,50,190
43,32,51,190
44,32,52,190
45,32,53,190
46,32,54,190
47,32,55,190
48,32,56,190
49,32,57,190
50,32,58,190
51,32,59,190
52,32,60,190
53,32,61,190
54,32,62,190
55,32,63,190
56,32,64,190
57,32,65,190
58,32,66,190
59,32,67,190
60,32,68,190
61,32,69,190
62,32,70,190
63,32,71,190
64,32,72,190
65,32,73,190
66,32,74,190
67,32,75,190
68,32,76,190
69,32,77,190
70,32,78,190
71,32,79,190
72,32,80,190
73,32,81,190
74,32,82,190
75,32,83,190
76,32,84,190
77,32,85,190
78,32,86,190
79,32,87,190
80,32,88,190
81,32,89,190
82,32,90,190
83,32,91,190
84,32,92,190
85,32,93,190
86,32,94,190
87,32,95,190
88,32,96,190
89,32,97,190
90,32,98,190
91,32,99,190
92,32,100,190
93,32,101,190
94,32,102,190
95,32,103,190
96,32,104,190
97,32,105,190
98,32,106,190
99,32,107,190
100,32,108,190
101,32,109,190
102,32,110,190
103,32,111,190
104,32,112,190
105,32,113,190
106,32,114,190
107,32,115,190
108,32,116,190
109,32,117,190
110,32,118,190
111,32,119,190
112,32,120,190
113,32,121,190
114,32,122,190
115,32,123,190
116,32,124,190
117,32,125,190
118,32,126,190
119,32,127,190
120,32,128,190
121,32,129,190
122,32,130,190
123,32,131,190
124,32,132,190
125,32,133,190
126,32,134,190
127,32,135,190
128,32,136,190
129,32,137,190
130,32,138,190
131,32,139,190
132,32,140,190
133,32,141,190
134,32,142,190
135,32,143,190
136,32,144,190
137,32,145,190
138,32,146,190
139,32,147,190
140,32,148,190
141,32,149,190
142,32,150,190
143,32,151,190
144,32,152,190
145,32,153,190
146,32,154,190
147,32,155,190
148,32,156,190
149,32,157,190
150,32,158,190
151,32,159,190
152,32,160,190
153,32,161,190
154,32,162,190
155,32,163,190
156,32,164,190
157,32,165,190
158,32,166,190
159,32,167,190
160,32,168,190
161,32,169,190
162,32,170,190
163,32,171,190
164,32,172,190
165,32,173,190
166,32,174,190
167,32,175,190
168,32,176,190
169,32,177,190
170,32,178,190
171,32,179,190
172,32,180,190
173,32,181,190
174,32,182,190
175,32,183,190
176,32,184,190
176,32,185,190
176,32,186,190
176,32,187,190
176,32,188,190
176,32,189,190
176,32,190,190
176,32,191,190
176,32,192,190
176,32,193,190
176,32,194,190
176,32,195,190
176,32,196,190
176,32,197,190
176,32,198,190
176,32,199,190
176,32,200,190
176,32,201,190
176,32,202,190
176,32,203,190
176,32,204,190
176,32,205,190
176,32,206,190
176,32,207,190
176,32,208,190
176,32,209,190
176,32,210,190
176,32,211,190
176,32,212,190
176,32,213,190
176,32,214,190
176,32,215,190
176,32,216,190
176,32,217,190
176,32,218,190
176,32,219,190
176,32,220,190
176,32,221,190
176,32,222,190
176,32,223,190
176,32,224,190
176,32,225,190
176,32,226,190
176,32,227,190
176,32,228,190
176,32,229,190
176,32,230,190
176,32,231,190
176,32,232,190
176,32,233,190
176,32,234,190
176,32,235,190
176,32,235,191
176,32,235,192
176,32,235,193
176,32,235,194
176,32,235,195
176,32,235,196
176,32,235,197
176,32,235,198
176,32,235,199
176,32,235,200
176,32,235,201
176,32,235,202
176,32,235,203
176,32,235,204
176,32,235,205
176,32,235,206
176,32,235,207
176,32,235,208
176,32,235,209
176,32,235,210
176,32,235,211
176,32,235,212
176,32,235,213
176,32,235,214
176,32,235,215
176,32,235,216
176,32,235,217
176,32,235,218
176,32,235,219
176,32,235,220
176,32,235,221
176,32,235,222
176,32,235,223
176,32,235,224
176,32,235,225
176,32,235,226
176,32,235,227
176,32,235,228
176,32,235,229
176,32,235,230
176,32,235,231
176,32,235,232
176,32,235,233
176,32,235,234
176,32,235,235
176,32,235,236
176,32,235,237
176,32,235,238
176,32,235,239
176,32,235,240
176,32,235,241
176,32,235,242
176,32,235,243
176,32,235,244
176,32,235,245
176,32,235,246
176,32,235,247
176,32,235,248
176,32,235,249
176,32,235,250
176,32,235,251
176,32,235,252
176,32,235,253
176,32,235,254
176,32,235,255
176,32,235,256
176,32,235,257
176,32,235,258
176,32,235,259
176,32,235,260
176,32,235,261
176,32,235,262
176,32,235,263
176,32,235,264
176,32,235,265
176,32,235,266
176,32,235,267
176,32,235,268
176,32,235,269
176,32,235,270
176,32,235,271
176,32,235,272
176,32,235,273
176,32,235,274
176,32,235,275
176,32,235,276
176,32,235,277
176,32,235,278
176,32,235,279
176,32,235,280
176,32,235,281
176,32,235,282
176,32,235,283
176,32,235,284
176,32,235,285
176,32,235,286
176,32,235,287
176,32,235,288
176,32,235,289
176,32,235,290
176,32,235,291
176,32,235,292
176,32,235,293
176,32,235,294
176,32,235,295
176,32,235,296
176,32,235,297
176,32,235,298
176,32,235,299
176,32,235,300
176,32,235,301
176,32,235,302
176,32,235,303
176,32,235,304
176,32,235,305
176,32,235,306
176,32,235,307
176,32,235,308
176,32,235,309
176,32,235,310
176,32,235,311
176,32,235,312
176,32,235,313
176,32,235,314
176,32,235,315
176,32,235,316
176,32,235,317
176,32,235,318
176,32,235,319
176,32,235,320
176,32,235,321
176,32,235,322
176,32,235,323
176,32,235,324
176,32,235,325
176,32,235,326
176,32,235,327
176,32,235,328
176,32,235,329
176,32,235,330
176,32,235,331
176,32,235,332
176,32,235,333
176,32,235,334
176,32,235,335
176,32,235,336
176,32,235,337
176,32,235,338
176,32,235,339
176,32,235,340
176,32,235,341
176,32,235,342
176,32,235,343
176,32,235,344
176,32,235,345
176,32,235,346
176,32,235,347
176,32,235,348
176,32,235,349
176,32,235,350
176,32,235,351
176,32,235,352
176,32,235,353
176,32,235,354
176,32,235,355
176,32,235,356
176,32,235,357
176,32,235,358
176,32,235,359
176,32,235,360
176,32,235,361
176,32,235,362
176,32,235,363
176,32,235,364
176,32,235,365
176,32,235,366
176,33,235,367
176,34,235,368
176,35,235,369
176,36,235,370
176,37,235,371
176,38,235,372
176,39,235,373
176,40,235,374
176,41,235,375
176,42,235,376
176,43,235,377
176,44,235,378
176,45,235,379
176,46,235,380
177,46,236,380
178,46,237,380
179,46,238,380
180,46,239,380
181,46,240,380
182,46,241,380
183,46,242,380
184,46,243,380
185,46,244,380
186,46,245,380
187,46,246,380
188,46,247,380
189,46,248,380
190,46,249,380
191,46,250,380
192,46,251,380
193,46,252,380
194,46,253,380
195,46,254,380
196,46,255,380
197,46,256,380
198,46,257,380
199,46,258,380
200,46,259,380
201,46,260,380
202,46,261,380
203,46,262,380
204,46,263,380
205,46,264,380
206,46,265,380
207,46,266,380
208,46,267,380
209,46,268,380
210,46,269,380
211,46,270,380
212,46,271,380
213,46,272,380
214,46,273,380
215,46,274,380
216,46,275,380
217,46,276,380
218,46,277,380
219,46,278,380
220,46,279,380
221,46,280,380
222,46,281,380
223,46,282,380
224,46,283,380
225,46,284,380
226,46,285,380
227,46,286,380
228,46,287,380
229,46,288,380
230,46,289,380
231,46,290,380
232,46,291,380
233,46,292,380
234,46,293,380
235,46,294,380
236,46,295,380
237,46,296,380
238,46,297,380
239,46,298,380
240,46,299,380
241,46,300,380
242,46,301,380
243,46,302,380
244,46,303,380
245,46,304,380
246,46,305,380
247,46,306,380
248,46,307,380
249,46,308,380
250,46,309,380
251,46,310,380
252,46,311,380
253,46,312,380
254,46,313,380
255,46,314,380
256,46,315,380
257,46,316,380
258,46,317,380
259,46,318,380
260,46,319,380
261,46,320,380
262,46,321,380
263,46,322,380
264,46,323,380
265,46,324,380
266,46,325,380
267,46,326,380
268,46,327,380
269,46,328,380
270,46,329,380
271,46,330,380
272,46,331,380
273,46,332,380
274,46,333,380
275,46,334,380
276,46,335,380
277,46,336,380
278,46,337,380
279,46,338,380
280,46,339,380
281,46,340,380
282,46,341,380
283,46,342,380
284,46,343,380
285,46,344,380
286,46,345,380
287,46,346,380
288,46,347,380
289,46,348,380
290,46,349,380
291,46,350,380
292,46,351,380
293,46,352,380
294,46,353,380
295,46,354,380
296,46,355,380
297,46,356,380
298,46,357,380
299,46,358,380
300,46,359,380
301,46,360,380
302,46,361,380
303,46,362,380
304,46,363,380
305,46,364,380
306,46,365,380
307,46,366,380
308,46,367,380
309,46,368,380
310,46,369,380
311,46,370,380
312,46,371,380
313,46,372,380
314,46,373,380
315,46,374,380
316,46,375,380
317,46,376,380
318,46,377,380
319,46,378,380
320,46,379,380
321,46,380,380
322,46,381,380
323,46,382,380
324,46,383,380
325,46,384,380
326,46,385,380
327,46,386,380
328,46,387,380
329,46,388,380
330,46,389,380
331,46,390,380
332,46,391,380
333,46,392,380
334,46,393,380
335,46,394,380
336,46,395,380
337,46,396,380
338,46,397,380
339,46,398,380
340,46,399,380
341,46,400,380
342,46,401,380
343,46,402,380
344,46,403,380
345,46,404,380
346,46,405,380
347,46,406,380
348,46,407,380
349,46,408,380
350,46,409,380
351,46,410,380
352,46,411,380
353,46,412,380
354,46,413,380
355,46,414,380
356,46,415,380
357,46,416,380
358,46,417,380
359,46,418,380
360,46,419,380
361,46,420,380
362,46,421,380
363,46,422,380
364,46,423,380
365,46,424,380
366,46,425,380
367,46,426,380
368,46,427,380
369,46,428,380
370,46,429,380
371,46,430,380
372,46,431,380
373,46,432,380
374,46,433,380
375,46,434,380
376,46,435,380
377,46,436,380
378,46,437,380
379,46,438,380
380,46,439,380
381,46,440,380
382,46,441,380
383,46,442,380
384,46,443,380
385,46,444,380
386,46,445,380
387,46,446,380
388,46,447,380
389,46,448,380
390,46,449,380
391,46,450,380
392,46,451,380
393,46,452,380
394,46,453,380
395,46,454,380
396,46,455,380
397,46,456,380
398,46,457,380
399,46,458,380
400,46,459,380
401,46,460,380
402,46,461,380
403,46,462,380
404,46,463,380
405,46,464,380
406,46,465,380
407,46,466,380
408,46,467,380
409,46,468,380
410,46,469,380
411,46,470,380
412,46,471,380
413,46,472,380
414,46,473,380
415,46,474,380
416,46,475,380
417,46,476,380
418,46,477,380
419,46,478,380
420,46,479,380
421,46,480,380
422,46,481,380
423,46,482,380
424,46,483,380
425,46,484,380
426,46,485,380
427,46,486,380
428,46,487,380
429,46,488,380
430,46,489,380
431,46,490,380
432,46,491,380
433,46,492,380
434,46,493,380
435,46,494,380
436,46,495,380
437,46,496,380
438,46,497,380
439,46,498,380
440,46,499,380
441,46,500,380
442,46,501,380
443,46,502,380
444,46,503,380
445,46,504,380
446,46,505,380
447,46,506,380
448,46,507,380
449,46,508,380
450,46,509,380
451,46,510,380
452,46,511,380
453,46,512,380
454,46,513,380
455,46,514,380
456,46,515,380
457,46,516,380
458,46,517,380
459,46,518,380
460,46,519,380
461,46,520,380
462,46,521,380
463,46,522,380
464,46,523,380
465,46,524,380
466,46,525,380
467,46,526,380
468,46,527,380
469,46,528,380
470,46,529,380
471,46,530,380
472,46,531,380
473,46,532,380
474,46,533,380
475,46,534,380
476,46,535,380
476,47,535,381
476,48,535,382
476,49,535,383
476,50,535,384
476,51,535,385
476,52,535,386
476,53,535,387
476,54,535,388
476,55,535,389
476,56,535,390
476,57,535,391
476,58,535,392
476,59,535,393
476,60,535,394
476,61,535,395
476,61,535,396
476,61,535,397
476,61,535,398
476,61,535,399
476,61,535,400
476,61,535,401
476,61,535,402
476,61,535,403
476,61,535,404
476,61,535,405
476,61,535,406
476,61,535,407
476,61,535,408
476,61,535,409
476,61,535,410
476,61,535,411
476,61,535,412
476,61,535,413
476,61,535,414
476,61,535,415
476,61,535,416
476,61,535,417
476,61,535,418
476,61,535,419
476,61,535,420
476,61,535,421
476,61,535,422
476,61,535,423
476,61,535,424
476,61,535,425
476,61,535,426
476,61,535,427
476,61,535,428
476,61,535,429
476,61,535,430
476,61,535,431
476,61,535,432
476,61,535,433
476,61,535,434
476,61,535,435
476,61,535,436
476,61,535,437
476,61,535,438
476,61,535,439
476,61,535,440
476,61,535,441
476,61,535,442
476,61,535,443
476,61,535,444
476,61,535,445
476,61,535,446
476,61,535,447
476,61,535,448
476,61,535,449
476,61,535,450
476,61,535,451
476,61,535,452
476,61,535,453
476,61,535,454
476,61,535,455
476,61,535,456
476,61,535,457
476,61,535,458
476,61,535,459
476,61,535,460
476,61,535,461
476,61,535,462
476,61,535,463
476,61,535,464
476,61,535,465
476,61,535,466
476,61,535,467
476,61,535,468
476,61,535,469
476,61,535,470
476,61,535,471
476,61,535,472
476,61,535,473
476,61,535,474
476,61,535,475
476,61,535,476
476,61,535,477
476,61,535,478
476,61,535,479
476,61,535,480
476,61,535,481
476,61,535,482
476,61,535,483
476,61,535,484
476,61,535,485
476,61,535,486
476,61,535,487
476,61,535,488
476,61,535,489
476,61,535,490
476,61,535,491
476,61,535,492
476,61,535,493
476,61,535,494
476,61,535,495
476,61,535,496
476,61,535,497
476,61,535,498
476,61,535,499
476,61,535,500
476,61,535,501
476,61,535,502
476,61,535,503
476,61,535,504
476,61,535,505
476,61,535,506
476,61,535,507
476,61,535,508
476,61,535,509
476,61,535,510
476,61,535,511
476,61,535,512
476,61,535,513
476,61,535,514
476,61,535,515
476,61,535,516
476,61,535,517
476,61,535,518
476,61,535,519
476,61,535,520
476,61,535,521
476,61,535,522
476,61,535,523
476,61,535,524
476,61,535,525
476,61,535,526
476,61,535,527
476,61,535,528
476,61,535,529
476,61,535,530
476,61,535,531
476,61,535,532
476,61,535,533
476,61,535,534
476,61,535,535
476,61,535,536
476,61,535,537
476,61,535,538
476,61,535,539
476,61,535,540
476,61,535,541
476,61,535,542
476,61,535,543
476,61,535,544
476,61,535,545
476,61,535,546
476,61,535,547
476,61,535,548
476,61,535,549
476,61,535,550
476,61,535,551
476,61,535,552
476,61,535,553
476,61,535,554
476,61,535,555
476,61,535,556
476,61,535,557
476,61,535,558
476,61,535,559
476,61,535,560
476,61,535,561
476,61,535,562
476,61,535,563
476,61,535,564
476,61,535,565
476,61,535,566
476,61,535,567
476,61,535,568
476,61,535,569
476,61,535,570
476,61,535,571
476,61,535,572
476,61,535,573
476,61,535,574
476,61,535,575
476,61,535,576
476,61,535,577
476,61,535,578
476,61,535,579
476,61,535,580
476,61,535,581
476,61,535,582
476,61,535,583
476,61,535,584
476,61,535,585
476,61,535,586
476,61,535,587
476,61,535,588
476,61,535,589
476,61,535,590
476,61,535,591
476,61,535,592
476,61,535,593
476,61,535,594
476,61,535,595
476,61,535,596
476,61,535,597
476,61,535,598
476,61,535,599
476,61,535,600
476,61,535,601
476,61,535,602
476,61,535,603
476,61,535,604
476,61,535,605
476,61,535,606
476,61,535,607
476,61,535,608
476,61,535,609
476,61,535,610
476,61,535,611
476,61,535,612
476,61,535,613
476,61,535,614
476,61,535,615
476,61,535,616
476,61,535,617
476,61,535,618
476,61,535,619
476,61,535,620
476,61,535,621
476,61,535,622
476,61,535,623
476,61,535,624
476,61,535,625
476,61,535,626
476,61,535,627
476,61,535,628
476,61,535,629
476,61,535,630
476,61,535,631
476,61,535,632
476,61,535,633
476,61,535,634
476,61,535,635
476,61,535,636
476,61,535,637
476,61,535,638
476,61,535,639
476,61,535,640
476,61,535,641
476,61,535,642
476,61,535,643
476,61,535,644
476,61,535,645
476,61,535,646
476,61,535,647
476,61,535,648
476,61,535,649
476,61,535,650
476,61,535,651
476,61,535,652
476,61,535,653
476,61,535,654
476,61,535,655
476,61,535,656
476,61,535,657
476,61,535,658
476,61,535,659
476,61,535,660
476,61,535,661
476,61,535,662
476,61,535,663
476,61,535,664
476,61,535,665
476,61,535,666
476,61,535,667
476,61,535,668
476,61,535,669
476,61,535,670
476,61,535,671
476,61,535,672
476,61,535,673
476,61,535,674
476,61,535,675
476,61,535,676
476,61,535,677
476,61,535,678
476,61,535,679
476,61,535,680
476,61,535,681
476,61,535,682
476,61,535,683
476,61,535,684
476,61,535,685
476,61,535,686
476,61,535,687
476,61,535,688
476,61,535,689
476,61,535,690
476,61,535,691
476,61,535,692
476,61,535,693
476,61,535,694
476,61,535,695
476,61,535,696
476,61,535,697
476,61,535,698
476,61,535,699
476,61,535,700
476,61,535,701
476,61,535,702
476,61,535,703
476,61,535,704
476,61,535,705
476,61,535,706
476,61,535,707
476,61,535,708
476,61,535,709
476,61,535,710
476,61,535,711
476,61,535,712
476,61,535,713
476,61,535,714
476,61,535,715
476,61,535,716
476,61,535,717
476,61,535,718
476,61,535,719
476,61,535,720
476,61,535,721
476,61,535,722
476,61,535,723
476,61,535,724
476,61,535,725
476,61,535,726
476,61,535,727
476,61,535,728
476,61,535,729
476,61,535,730
476,61,535,731
476,61,535,732
476,61,535,733
476,61,535,734
476,61,535,735
476,61,535,736
476,61,535,737
476,61,535,738
476,61,535,739
476,61,535,740
476,61,535,741
476,61,535,742
476,61,535,743
476,61,535,744
476,61,535,745
476,61,535,746
476,61,535,747
476,61,535,748
476,61,535,749
476,61,535,750
476,61,535,751
476,61,535,752
476,61,535,753
476,61,535,754
476,61,535,755
476,61,535,756
476,61,535,757
476,61,535,758
476,61,535,759
476,61,535,760
476,61,535,761
476,61,535,762
476,61,535,763
476,61,535,764
476,61,535,765
476,61,535,766
476,61,535,767
476,61,535,768
476,61,535,769
476,61,535,770
476,61,535,771
476,61,535,772
476,61,535,773
476,61,535,774
476,61,535,775
476,61,535,776
476,61,535,777
476,61,535,778
476,61,535,779
476,61,535,780
476,61,535,781
476,61,535,782
476,61,535,783
476,61,535,784
476,61,535,785
476,61,535,786
476,61,535,787
476,61,535,788
476,61,535,789
476,61,535,790
476,61,535,791
476,61,535,792
476,61,535,793
476,61,535,794
476,61,535,795
476,61,535,796
476,61,535,797
476,61,535,798
476,61,535,799
476,61,535,800
476,61,535,801
476,61,535,802
476,61,535,803
476,61,535,804
476,61,535,805
476,61,535,806
476,61,535,807
476,61,535,808
476,61,535,809
476,61,535,810
476,61,535,811
476,61,535,812
476,61,535,813
476,61,535,814
476,61,535,815
476,61,535,816
476,61,535,817
476,61,535,818
476,61,535,819
476,61,535,820
476,61,535,821
476,61,535,822
476,61,535,823
476,61,535,824
476,61,535,825
476,61,535,826
476,61,535,827
476,61,535,828
476,61,535,829
476,61,535,830
476,61,535,831
476,61,535,832
476,61,535,833
476,61,535,834
476,61,535,835
476,61,535,836
476,61,535,837
476,61,535,838
476,61,535,839
476,61,535,840
476,61,535,841
476,61,535,842
476,61,535,843
476,61,535,844
476,61,535,845
476,61,535,846
476,61,535,847
476,61,535,848
476,61,535,849
476,61,535,850
476,61,535,851
476,61,535,852
476,61,535,853
476,61,535,854
476,61,535,855
476,61,535,856
476,61,535,857
476,61,535,858
476,61,535,859
476,61,535,860
476,61,535,861
476,61,535,862
476,61,535,863
476,61,535,864
476,62,535,865
476,63,535,866
476,64,535,867
476,65,535,868
477,65,536,868
478,65,537,868
479,65,538,868
480,65,539,868
